2023,10,27,11,41,2.206555,3.241786,0.6806602,21.28291,53.9012
2023,10,27,11,44,2.207217,3.241874,0.6808461,21.10132,53.12489
2023,10,27,11,47,2.207168,3.241524,0.6809043,21.0399,53.03525
2023,10,27,11,50,2.207555,3.241637,0.6810002,21.03723,53.06195
2023,10,27,11,53,2.20753,3.241411,0.6810398,21.02655,53.21073
2023,10,27,11,56,2.207592,3.241474,0.681046,21.02655,53.07721
2023,10,27,11,59,2.207667,3.241549,0.6810532,21.01587,53.08865
2023,10,27,12,2,2.207705,3.241611,0.6810515,21.04791,53.27367
2023,10,27,12,5,2.207592,3.241374,0.6810668,21.10933,53.12299
2023,10,27,12,8,2.20753,3.241374,0.6810475,21.15205,53.06767
2023,10,27,12,11,2.207605,3.241487,0.6810472,21.19745,52.73198
2023,10,27,12,14,2.20758,3.241474,0.681042,21.25887,52.41535
2023,10,27,12,17,2.20768,3.241586,0.6810493,21.28024,52.31235
2023,10,27,12,20,2.207792,3.241686,0.6810629,21.36034,52.17311
2023,10,27,12,23,2.207692,3.241561,0.6810582,21.4004,52.11208
2023,10,27,12,26,2.207705,3.241649,0.6810436,21.47784,51.77256
2023,10,27,12,29,2.207805,3.241774,0.6810483,21.50187,51.61616
2023,10,27,12,32,2.20783,3.241749,0.6810613,21.5526,51.50935
2023,10,27,12,35,2.207717,3.241649,0.6810477,21.598,51.08972
2023,10,27,12,38,2.20778,3.241762,0.6810432,21.67811,50.62623
2023,10,27,12,41,2.207767,3.241712,0.6810499,21.70481,50.68917
2023,10,27,12,44,2.207843,3.241874,0.6810389,21.7422,50.32105
2023,10,27,12,47,2.207843,3.241912,0.6810311,21.79828,50.26574
2023,10,27,12,50,2.207767,3.241799,0.6810315,21.87572,50.30198
2023,10,27,12,53,2.20778,3.241899,0.6810145,21.9131,50.19898
2023,10,27,12,56,2.207818,3.241987,0.6810076,21.97185,50.01205
2023,10,27,12,59,2.207855,3.242124,0.6809904,21.99855,49.81559
2023,10,27,13,2,2.20778,3.242011,0.6809909,22.31365,49.43412
2023,10,27,13,5,2.206367,3.241624,0.6806365,25.54208,42.95857
2023,10,27,13,9,2.204905,3.240024,0.6805212,26.33784,41.49371
2023,10,27,13,12,2.20463,3.239974,0.6804468,26.50072,41.17899
2023,10,27,13,15,2.204592,3.239999,0.68043,26.44999,40.95964
2023,10,27,13,18,2.204592,3.240062,0.6804168,26.3325,41.17136
2023,10,27,13,21,2.20458,3.240087,0.6804077,26.20966,41.39262
2023,10,27,13,24,2.20463,3.240099,0.6804204,26.04143,41.6978
2023,10,27,13,27,2.20473,3.240236,0.6804226,25.95331,41.8294
2023,10,27,13,30,2.204755,3.240199,0.6804381,25.76906,41.93431
2023,10,27,13,33,2.204905,3.240349,0.6804529,25.59014,42.04112
2023,10,27,13,36,2.205142,3.240799,0.6804316,25.50736,42.13649
2023,10,27,13,39,2.205292,3.240886,0.6804595,25.40589,42.05257
2023,10,27,13,42,2.20533,3.240974,0.6804529,25.30442,42.25284
2023,10,27,13,45,2.20553,3.241224,0.680462,25.21896,42.74304
2023,10,27,13,48,2.205655,3.241324,0.6804796,25.10414,43.04631
2023,10,27,13,51,2.20593,3.241474,0.680533,24.97864,43.28092
2023,10,27,13,54,2.206005,3.241499,0.6805509,24.91455,43.05203
2023,10,27,13,57,2.205592,3.240861,0.6805574,25.82246,41.79507
2023,10,27,14,0,2.204042,3.239262,0.680415,29.64637,36.05386
2023,10,27,14,3,2.20473,3.240499,0.6803674,30.19646,35.00671
2023,10,27,14,6,2.204892,3.240974,0.6803179,30.23651,34.81216
2023,10,27,14,9,2.204755,3.240999,0.6802701,30.06027,35.00481
2023,10,27,14,12,2.204655,3.240824,0.6802761,29.96147,35.11543
2023,10,27,14,15,2.204705,3.241024,0.6802494,30.11902,34.93805
2023,10,27,14,18,2.20463,3.241024,0.6802264,30.22583,34.70726
2023,10,27,14,21,2.20458,3.240911,0.6802345,30.14038,34.88083
2023,10,27,14,24,2.204642,3.240986,0.6802382,30.19646,34.83886
2023,10,27,14,27,2.20468,3.241137,0.6802182,30.24719,34.78736
2023,10,27,14,30,2.20468,3.241011,0.6802444,30.2018,34.6939
2023,10,27,14,33,2.204717,3.241086,0.6802402,30.25254,34.79881
2023,10,27,14,36,2.204717,3.241061,0.6802454,30.22316,34.86557
2023,10,27,14,39,2.204692,3.241037,0.680243,30.23918,34.73014
2023,10,27,14,42,2.204767,3.241137,0.680245,30.26589,34.61379
2023,10,27,14,45,2.204842,3.241224,0.6802499,30.18578,34.44785
2023,10,27,14,48,2.204817,3.241224,0.6802421,30.2739,34.16365
2023,10,27,14,52,2.20483,3.241299,0.6802302,30.2018,34.19799
2023,10,27,14,55,2.20478,3.241149,0.6802464,30.24986,33.95956
2023,10,27,14,58,2.204792,3.241162,0.6802475,30.16441,34.0721
2023,10,27,15,1,2.204767,3.241124,0.6802477,30.23384,33.90234
2023,10,27,15,4,2.204805,3.241212,0.6802409,30.21248,33.91188
2023,10,27,15,7,2.204842,3.241199,0.6802551,30.20447,33.81079
2023,10,27,15,10,2.20478,3.241137,0.680249,30.10834,33.92142
2023,10,27,15,13,2.205105,3.24175,0.6802206,32.86145,30.97261
2023,10,27,15,16,2.20538,3.242549,0.6801377,35.06981,28.46632
2023,10,27,15,19,2.205242,3.242224,0.6801634,35.1873,28.26986
2023,10,27,15,22,2.205305,3.242387,0.6801486,34.98436,28.56931
2023,10,27,15,25,2.205192,3.242512,0.6800877,35.08316,28.53307
2023,10,27,15,28,2.205155,3.242487,0.6800813,35.19798,28.28893
2023,10,27,15,31,2.20513,3.242499,0.6800711,35.27009,28.20119
2023,10,27,15,34,2.205042,3.242449,0.6800546,35.36355,28.20882
2023,10,27,15,37,2.204955,3.242362,0.680046,35.30213,28.31563
2023,10,27,15,40,2.205055,3.242499,0.680048,35.33418,28.18021
2023,10,27,15,43,2.205067,3.242599,0.6800309,35.28611,28.37667
2023,10,27,15,46,2.205067,3.242587,0.6800334,35.37156,28.05623
2023,10,27,15,49,2.20503,3.242562,0.6800271,35.37423,28.12489
2023,10,27,15,52,2.204893,3.242874,0.6799193,38.61868,25.34394
2023,10,27,15,55,2.205217,3.243324,0.6799251,40.15678,24.15564
2023,10,27,15,58,2.205367,3.243536,0.6799268,40.08202,24.08507
2023,10,27,16,1,2.20523,3.243649,0.6798607,40.13008,24.08125
2023,10,27,16,4,2.20488,3.243511,0.6797817,40.27428,24.00305
2023,10,27,16,7,2.204742,3.243637,0.6797131,40.35706,23.91722
